Date,Temp,RH
2018/10/05 0:00,22.9,69
2018/10/05 0:01,22.9,68
2018/10/05 0:02,22.9,68
2018/10/05 0:03,22.9,68
2018/10/05 0:04,22.9,68
2018/10/05 0:05,22.9,68
2018/10/05 0:06,22.9,68
2018/10/05 0:07,22.9,68
2018/10/05 0:08,22.9,68
2018/10/05 0:09,22.9,68
2018/10/05 0:10,22.9,68
2018/10/05 0:11,22.9,68
2018/10/05 0:12,22.9,68
2018/10/05 0:13,22.8,68
2018/10/05 0:14,22.8,68
2018/10/05 0:15,22.8,67
2018/10/05 0:16,22.8,68
2018/10/05 0:17,22.8,68
2018/10/05 0:18,22.8,67
2018/10/05 0:19,22.8,67
2018/10/05 0:20,22.9,67
2018/10/05 0:21,22.9,67
2018/10/05 0:22,22.9,67
2018/10/05 0:23,22.8,67
2018/10/05 0:24,22.9,67
2018/10/05 0:25,22.9,67
2018/10/05 0:26,22.9,67
2018/10/05 0:27,22.9,67
2018/10/05 0:28,22.9,67
2018/10/05 0:29,22.9,67
2018/10/05 0:30,22.8,67
2018/10/05 0:31,22.8,67
2018/10/05 0:32,22.9,65
2018/10/05 0:33,22.9,65
2018/10/05 0:34,22.9,65
2018/10/05 0:35,22.9,65
2018/10/05 0:36,22.8,66
2018/10/05 0:37,22.9,64
2018/10/05 0:38,22.8,65
2018/10/05 0:39,22.8,65
2018/10/05 0:40,22.8,65
2018/10/05 0:41,22.8,64
2018/10/05 0:42,22.8,64
2018/10/05 0:43,22.8,64
2018/10/05 0:44,22.8,64
2018/10/05 0:45,22.8,64
2018/10/05 0:46,22.8,64
2018/10/05 0:47,22.8,64
2018/10/05 0:48,22.8,64
2018/10/05 0:49,22.7,64
2018/10/05 0:50,22.7,64
2018/10/05 0:51,22.7,63
2018/10/05 0:52,22.8,63
2018/10/05 0:53,22.8,63
2018/10/05 0:54,22.8,63
2018/10/05 0:55,22.7,63
2018/10/05 0:56,22.7,64
2018/10/05 0:57,22.6,65
2018/10/05 0:58,22.6,65
2018/10/05 0:59,22.6,64
2018/10/05 1:00,22.6,64
2018/10/05 1:01,22.5,65
2018/10/05 1:02,22.5,65
2018/10/05 1:03,22.5,65
2018/10/05 1:04,22.5,65
2018/10/05 1:05,22.5,65
2018/10/05 1:06,22.6,63
2018/10/05 1:07,22.6,63
2018/10/05 1:08,22.6,63
2018/10/05 1:09,22.6,64
2018/10/05 1:10,22.6,64
2018/10/05 1:11,22.6,64
2018/10/05 1:12,22.6,64
2018/10/05 1:13,22.6,65
2018/10/05 1:14,22.6,65
2018/10/05 1:15,22.6,65
2018/10/05 1:16,22.6,65
2018/10/05 1:17,22.6,65
2018/10/05 1:18,22.6,66
2018/10/05 1:19,22.6,66
2018/10/05 1:20,22.6,66
2018/10/05 1:21,22.6,66
2018/10/05 1:22,22.6,65
2018/10/05 1:23,22.6,65
2018/10/05 1:24,22.6,65
2018/10/05 1:25,22.6,65
2018/10/05 1:26,22.6,65
2018/10/05 1:27,22.6,65
2018/10/05 1:28,22.7,64
2018/10/05 1:29,22.7,64
2018/10/05 1:30,22.7,64
2018/10/05 1:31,22.7,64
2018/10/05 1:32,22.7,64
2018/10/05 1:33,22.7,64
2018/10/05 1:34,22.7,64
2018/10/05 1:35,22.7,64
2018/10/05 1:36,22.7,64
2018/10/05 1:37,22.6,64
2018/10/05 1:38,22.6,63
2018/10/05 1:39,22.6,64
2018/10/05 1:40,22.6,64
2018/10/05 1:41,22.5,65
2018/10/05 1:42,22.5,64
2018/10/05 1:43,22.5,64
2018/10/05 1:44,22.6,63
2018/10/05 1:45,22.6,63
2018/10/05 1:46,22.6,63
2018/10/05 1:47,22.6,63
2018/10/05 1:48,22.6,63
2018/10/05 1:49,22.7,62
2018/10/05 1:50,22.7,62
2018/10/05 1:51,22.7,62
2018/10/05 1:52,22.7,62
2018/10/05 1:53,22.7,61
2018/10/05 1:54,22.7,61
2018/10/05 1:55,22.7,61
2018/10/05 1:56,22.8,59
2018/10/05 1:57,22.8,59
2018/10/05 1:58,22.9,58
2018/10/05 1:59,22.9,58
2018/10/05 2:00,22.9,58
2018/10/05 2:01,23.0,58
2018/10/05 2:02,22.9,58
2018/10/05 2:03,23.0,58
2018/10/05 2:04,23.0,58
2018/10/05 2:05,23.1,56
2018/10/05 2:06,23.1,56
2018/10/05 2:07,23.1,56
2018/10/05 2:08,23.1,56
2018/10/05 2:09,23.1,56
2018/10/05 2:10,23.0,58
2018/10/05 2:11,23.0,56
2018/10/05 2:12,23.0,56
2018/10/05 2:13,22.9,57
2018/10/05 2:14,22.9,58
2018/10/05 2:15,22.8,58
2018/10/05 2:16,22.8,58
2018/10/05 2:17,22.8,58
2018/10/05 2:18,22.7,57
2018/10/05 2:19,22.8,56
2018/10/05 2:20,22.8,56
2018/10/05 2:21,22.8,56
2018/10/05 2:22,22.7,57
2018/10/05 2:23,22.7,57
2018/10/05 2:24,22.6,58
2018/10/05 2:25,22.6,59
2018/10/05 2:26,22.6,58
2018/10/05 2:27,22.6,57
2018/10/05 2:28,22.5,57
2018/10/05 2:29,22.6,56
2018/10/05 2:30,22.6,56
2018/10/05 2:31,22.6,57
2018/10/05 2:32,22.5,57
2018/10/05 2:33,22.6,56
2018/10/05 2:34,22.6,56
2018/10/05 2:35,22.6,55
2018/10/05 2:36,22.6,54
2018/10/05 2:37,22.6,55
2018/10/05 2:38,22.6,55
2018/10/05 2:39,22.7,54
2018/10/05 2:40,22.7,54
2018/10/05 2:41,22.7,54
2018/10/05 2:42,22.6,56
2018/10/05 2:43,22.6,55
2018/10/05 2:44,22.6,56
2018/10/05 2:45,22.6,56
2018/10/05 2:46,22.5,56
2018/10/05 2:47,22.4,58
2018/10/05 2:48,22.4,56
2018/10/05 2:49,22.5,56
2018/10/05 2:50,22.4,56
2018/10/05 2:51,22.4,56
2018/10/05 2:52,22.4,56
2018/10/05 2:53,22.4,56
2018/10/05 2:54,22.3,57
2018/10/05 2:55,22.3,57
2018/10/05 2:56,22.3,56
2018/10/05 2:57,22.3,56
2018/10/05 2:58,22.3,56
2018/10/05 2:59,22.3,56
2018/10/05 3:00,22.2,58
2018/10/05 3:01,22.2,58
2018/10/05 3:02,22.2,56
2018/10/05 3:03,22.3,55
2018/10/05 3:04,22.3,55
2018/10/05 3:05,22.3,54
2018/10/05 3:06,22.3,54
2018/10/05 3:07,22.4,53
2018/10/05 3:08,22.3,54
2018/10/05 3:09,22.4,53
2018/10/05 3:10,22.4,53
2018/10/05 3:11,22.4,54
2018/10/05 3:12,22.4,54
2018/10/05 3:13,22.4,55
2018/10/05 3:14,22.3,55
2018/10/05 3:15,22.2,56
2018/10/05 3:16,22.2,55
2018/10/05 3:17,22.2,56
2018/10/05 3:18,22.1,58
2018/10/05 3:19,22.1,57
2018/10/05 3:20,22.1,56
2018/10/05 3:21,22.1,56
2018/10/05 3:22,22.1,56
2018/10/05 3:23,22.1,56
2018/10/05 3:24,22.0,57
2018/10/05 3:25,22.0,56
2018/10/05 3:26,22.0,56
2018/10/05 3:27,21.9,57
2018/10/05 3:28,21.9,57
2018/10/05 3:29,21.9,57
2018/10/05 3:30,21.9,57
2018/10/05 3:31,22.0,56
2018/10/05 3:32,22.0,57
2018/10/05 3:33,22.0,57
2018/10/05 3:34,22.0,57
2018/10/05 3:35,22.0,57
2018/10/05 3:36,21.9,58
2018/10/05 3:37,21.9,58
2018/10/05 3:38,21.9,57
2018/10/05 3:39,21.9,58
2018/10/05 3:40,21.9,58
2018/10/05 3:41,21.9,58
2018/10/05 3:42,21.9,58
2018/10/05 3:43,21.9,58
2018/10/05 3:44,21.9,58
2018/10/05 3:45,21.9,58
2018/10/05 3:46,21.9,58
2018/10/05 3:47,21.8,59
2018/10/05 3:48,21.8,59
2018/10/05 3:49,21.8,59
2018/10/05 3:50,21.8,59
2018/10/05 3:51,21.8,58
2018/10/05 3:52,21.8,59
2018/10/05 3:53,21.7,59
2018/10/05 3:54,21.8,58
2018/10/05 3:55,21.8,58
2018/10/05 3:56,21.8,59
2018/10/05 3:57,21.9,57
2018/10/05 3:58,22.0,56
2018/10/05 3:59,22.0,56
2018/10/05 4:00,22.0,57
2018/10/05 4:01,22.0,57
2018/10/05 4:02,22.0,57
2018/10/05 4:03,22.1,55
2018/10/05 4:04,22.1,55
2018/10/05 4:05,22.0,57
2018/10/05 4:06,22.0,57
2018/10/05 4:07,22.0,57
2018/10/05 4:08,22.0,57
2018/10/05 4:09,22.1,55
2018/10/05 4:10,22.2,53
2018/10/05 4:11,22.2,53
2018/10/05 4:12,22.2,54
2018/10/05 4:13,22.2,55
2018/10/05 4:14,22.2,55
2018/10/05 4:15,22.2,54
2018/10/05 4:16,22.3,53
2018/10/05 4:17,22.3,52
2018/10/05 4:18,22.4,51
2018/10/05 4:19,22.4,51
2018/10/05 4:20,22.5,51
2018/10/05 4:21,22.5,51
2018/10/05 4:22,22.5,52
2018/10/05 4:23,22.5,52
2018/10/05 4:24,22.4,53
2018/10/05 4:25,22.3,55
2018/10/05 4:26,22.3,54
2018/10/05 4:27,22.3,53
2018/10/05 4:28,22.4,52
2018/10/05 4:29,22.4,52
2018/10/05 4:30,22.4,52
2018/10/05 4:31,22.4,52
2018/10/05 4:32,22.4,52
2018/10/05 4:33,22.4,51
2018/10/05 4:34,22.5,50
2018/10/05 4:35,22.5,51
2018/10/05 4:36,22.5,50
2018/10/05 4:37,22.4,51
2018/10/05 4:38,22.4,51
2018/10/05 4:39,22.4,51
2018/10/05 4:40,22.4,51
2018/10/05 4:41,22.4,51
2018/10/05 4:42,22.3,52
2018/10/05 4:43,22.3,52
2018/10/05 4:44,22.3,51
2018/10/05 4:45,22.3,52
2018/10/05 4:46,22.2,54
2018/10/05 4:47,22.2,53
2018/10/05 4:48,22.2,54
2018/10/05 4:49,22.2,53
2018/10/05 4:50,22.2,53
2018/10/05 4:51,22.2,52
2018/10/05 4:52,22.2,52
2018/10/05 4:53,22.2,52
2018/10/05 4:54,22.2,52
2018/10/05 4:55,22.2,53
2018/10/05 4:56,22.2,53
2018/10/05 4:57,22.2,53
2018/10/05 4:58,22.2,53
2018/10/05 4:59,22.3,51
2018/10/05 5:00,22.3,51
2018/10/05 5:01,22.4,50
2018/10/05 5:02,22.4,50
2018/10/05 5:03,22.4,50
2018/10/05 5:04,22.4,51
2018/10/05 5:05,22.3,52
2018/10/05 5:06,22.4,51
2018/10/05 5:07,22.4,50
2018/10/05 5:08,22.5,49
2018/10/05 5:09,22.5,49
2018/10/05 5:10,22.5,49
2018/10/05 5:11,22.5,48
2018/10/05 5:12,22.5,48
2018/10/05 5:13,22.5,49
2018/10/05 5:14,22.5,49
2018/10/05 5:15,22.5,48
2018/10/05 5:16,22.5,49
2018/10/05 5:17,22.5,49
2018/10/05 5:18,22.5,48
2018/10/05 5:19,22.5,48
2018/10/05 5:20,22.6,48
2018/10/05 5:21,22.5,49
2018/10/05 5:22,22.5,48
2018/10/05 5:23,22.5,49
2018/10/05 5:24,22.4,50
2018/10/05 5:25,22.4,50
2018/10/05 5:26,22.3,50
2018/10/05 5:27,22.3,51
2018/10/05 5:28,22.3,50
2018/10/05 5:29,22.3,50
2018/10/05 5:30,22.3,50
2018/10/05 5:31,22.2,51
2018/10/05 5:32,22.3,50
2018/10/05 5:33,22.4,49
2018/10/05 5:34,22.4,49
2018/10/05 5:35,22.4,49
2018/10/05 5:36,22.3,50
2018/10/05 5:37,22.3,50
2018/10/05 5:38,22.3,50
2018/10/05 5:39,22.2,52
2018/10/05 5:40,22.2,52
2018/10/05 5:41,22.2,52
2018/10/05 5:42,22.2,51
2018/10/05 5:43,22.3,50
2018/10/05 5:44,22.3,50
2018/10/05 5:45,22.3,50
2018/10/05 5:46,22.3,50
2018/10/05 5:47,22.3,50
2018/10/05 5:48,22.3,50
2018/10/05 5:49,22.3,51
2018/10/05 5:50,22.3,51
2018/10/05 5:51,22.3,50
2018/10/05 5:52,22.3,50
2018/10/05 5:53,22.3,50
2018/10/05 5:54,22.3,51
2018/10/05 5:55,22.3,51
2018/10/05 5:56,22.4,50
2018/10/05 5:57,22.4,50
2018/10/05 5:58,22.3,50
2018/10/05 5:59,22.3,50
2018/10/05 6:00,22.3,50
2018/10/05 6:01,22.4,50
2018/10/05 6:02,22.4,50
2018/10/05 6:03,22.3,51
2018/10/05 6:04,22.3,51
2018/10/05 6:05,22.4,50
2018/10/05 6:06,22.4,50
2018/10/05 6:07,22.4,51
2018/10/05 6:08,22.4,53
2018/10/05 6:09,22.4,51
2018/10/05 6:10,22.4,51
2018/10/05 6:11,22.5,49
2018/10/05 6:12,22.5,49
2018/10/05 6:13,22.6,48
2018/10/05 6:14,22.5,49
2018/10/05 6:15,22.5,49
2018/10/05 6:16,22.5,50
2018/10/05 6:17,22.6,49
2018/10/05 6:18,22.6,48
2018/10/05 6:19,22.6,48
2018/10/05 6:20,22.6,49
2018/10/05 6:21,22.6,50
2018/10/05 6:22,22.6,50
2018/10/05 6:23,22.5,51
2018/10/05 6:24,22.5,51
2018/10/05 6:25,22.5,51
2018/10/05 6:26,22.4,52
2018/10/05 6:27,22.4,51
2018/10/05 6:28,22.4,50
2018/10/05 6:29,22.4,50
2018/10/05 6:30,22.5,48
2018/10/05 6:31,22.5,48
2018/10/05 6:32,22.5,48
2018/10/05 6:33,22.5,48
2018/10/05 6:34,22.5,48
2018/10/05 6:35,22.6,48
2018/10/05 6:36,22.7,47
2018/10/05 6:37,22.6,48
2018/10/05 6:38,22.6,49
2018/10/05 6:39,22.6,49
2018/10/05 6:40,22.6,49
2018/10/05 6:41,22.7,49
2018/10/05 6:42,22.7,48
2018/10/05 6:43,22.7,48
2018/10/05 6:44,22.8,47
2018/10/05 6:45,22.8,47
2018/10/05 6:46,22.8,47
2018/10/05 6:47,22.8,47
2018/10/05 6:48,22.9,47
2018/10/05 6:49,22.9,47
2018/10/05 6:50,22.8,48
2018/10/05 6:51,22.8,48
2018/10/05 6:52,22.9,47
2018/10/05 6:53,22.9,47
2018/10/05 6:54,22.9,48
2018/10/05 6:55,22.9,48
2018/10/05 6:56,23.0,48
2018/10/05 6:57,22.9,48
2018/10/05 6:58,22.9,49
2018/10/05 6:59,22.9,48
2018/10/05 7:00,22.9,49
2018/10/05 7:01,22.9,48
2018/10/05 7:02,23.0,48
2018/10/05 7:03,23.1,47
2018/10/05 7:04,23.2,46
2018/10/05 7:05,23.2,46
2018/10/05 7:06,23.2,47
2018/10/05 7:07,23.1,48
2018/10/05 7:08,23.1,49
2018/10/05 7:09,23.0,50
2018/10/05 7:10,23.1,48
2018/10/05 7:11,23.1,49
2018/10/05 7:12,23.2,49
2018/10/05 7:13,23.2,49
2018/10/05 7:14,23.2,49
2018/10/05 7:15,23.2,49
2018/10/05 7:16,23.2,49
2018/10/05 7:17,23.2,49
2018/10/05 7:18,23.2,49
2018/10/05 7:19,23.2,50
2018/10/05 7:20,23.2,50
2018/10/05 7:21,23.2,50
2018/10/05 7:22,23.2,49
2018/10/05 7:23,23.2,49
2018/10/05 7:24,23.2,49
2018/10/05 7:25,23.2,49
2018/10/05 7:26,23.2,49
2018/10/05 7:27,23.2,50
2018/10/05 7:28,23.2,51
2018/10/05 7:29,23.3,50
2018/10/05 7:30,23.3,49
2018/10/05 7:31,23.3,49
2018/10/05 7:32,23.4,49
2018/10/05 7:33,23.4,49
2018/10/05 7:34,23.4,50
2018/10/05 7:35,23.5,49
2018/10/05 7:36,23.4,50
2018/10/05 7:37,23.4,50
2018/10/05 7:38,23.4,51
2018/10/05 7:39,23.4,52
2018/10/05 7:40,23.4,52
2018/10/05 7:41,23.5,50
2018/10/05 7:42,23.6,50
2018/10/05 7:43,23.6,50
2018/10/05 7:44,23.6,50
2018/10/05 7:45,23.7,49
2018/10/05 7:46,23.7,49
2018/10/05 7:47,23.7,50
2018/10/05 7:48,23.7,50
2018/10/05 7:49,23.6,50
2018/10/05 7:50,23.7,49
2018/10/05 7:51,23.7,49
2018/10/05 7:52,23.6,50
2018/10/05 7:53,23.7,50
2018/10/05 7:54,23.7,49
2018/10/05 7:55,23.7,49
2018/10/05 7:56,23.7,49
2018/10/05 7:57,23.7,49
2018/10/05 7:58,23.7,49
2018/10/05 7:59,23.8,49
2018/10/05 8:00,23.8,48
2018/10/05 8:01,23.8,47
2018/10/05 8:02,23.8,47
2018/10/05 8:03,23.9,47
2018/10/05 8:04,23.9,47
2018/10/05 8:05,24.0,48
2018/10/05 8:06,23.9,49
2018/10/05 8:07,23.9,49
2018/10/05 8:08,23.9,49
2018/10/05 8:09,24.0,48
2018/10/05 8:10,24.0,47
2018/10/05 8:11,24.1,46
2018/10/05 8:12,24.1,46
2018/10/05 8:13,24.1,46
2018/10/05 8:14,24.2,46
2018/10/05 8:15,24.2,48
2018/10/05 8:16,24.2,48
2018/10/05 8:17,24.2,48
2018/10/05 8:18,24.2,48
2018/10/05 8:19,24.2,46
2018/10/05 8:20,24.3,46
2018/10/05 8:21,24.3,47
2018/10/05 8:22,24.4,46
2018/10/05 8:23,24.4,46
2018/10/05 8:24,24.4,47
2018/10/05 8:25,24.5,46
2018/10/05 8:26,24.5,47
2018/10/05 8:27,24.5,46
2018/10/05 8:28,24.5,46
2018/10/05 8:29,24.5,46
2018/10/05 8:30,24.6,46
2018/10/05 8:31,24.6,46
2018/10/05 8:32,24.7,46
2018/10/05 8:33,24.7,46
2018/10/05 8:34,24.7,46
2018/10/05 8:35,24.7,46
2018/10/05 8:36,24.7,46
2018/10/05 8:37,24.7,46
2018/10/05 8:38,24.7,48
2018/10/05 8:39,24.8,47
2018/10/05 8:40,24.8,47
2018/10/05 8:41,24.8,47
2018/10/05 8:42,24.8,47
2018/10/05 8:43,24.8,46
2018/10/05 8:44,24.8,45
2018/10/05 8:45,24.8,45
2018/10/05 8:46,24.8,45
2018/10/05 8:47,24.9,45
2018/10/05 8:48,24.9,46
2018/10/05 8:49,25.0,46
2018/10/05 8:50,25.0,45
2018/10/05 8:51,25.1,44
2018/10/05 8:52,25.1,44
2018/10/05 8:53,25.1,45
2018/10/05 8:54,25.1,45
2018/10/05 8:55,25.1,45
2018/10/05 8:56,25.1,46
2018/10/05 8:57,25.2,46
2018/10/05 8:58,25.2,46
2018/10/05 8:59,25.2,46
2018/10/05 9:00,25.3,45
2018/10/05 9:01,25.3,45
2018/10/05 9:02,25.3,44
2018/10/05 9:03,25.3,44
2018/10/05 9:04,25.3,44
2018/10/05 9:05,25.3,45
2018/10/05 9:06,25.3,44
2018/10/05 9:07,25.3,44
2018/10/05 9:08,25.3,43
2018/10/05 9:09,25.3,43
2018/10/05 9:10,25.4,43
2018/10/05 9:11,25.4,44
2018/10/05 9:12,25.4,44
2018/10/05 9:13,25.5,44
2018/10/05 9:14,25.5,44
2018/10/05 9:15,25.5,44
2018/10/05 9:16,25.5,43
2018/10/05 9:17,25.6,43
2018/10/05 9:18,25.7,43
2018/10/05 9:19,25.7,43
2018/10/05 9:20,25.8,43
2018/10/05 9:21,25.8,43
2018/10/05 9:22,25.9,43
2018/10/05 9:23,25.9,43
2018/10/05 9:24,25.9,43
2018/10/05 9:25,26.0,42
2018/10/05 9:26,26.0,42
2018/10/05 9:27,26.1,41
2018/10/05 9:28,26.1,42
2018/10/05 9:29,26.2,41
2018/10/05 9:30,26.2,41
2018/10/05 9:31,26.3,42
2018/10/05 9:32,26.3,43
2018/10/05 9:33,26.4,42
2018/10/05 9:34,26.4,42
2018/10/05 9:35,26.4,42
2018/10/05 9:36,26.4,42
2018/10/05 9:37,26.5,42
2018/10/05 9:38,26.5,42
2018/10/05 9:39,26.5,41
2018/10/05 9:40,26.5,41
2018/10/05 9:41,26.5,41
2018/10/05 9:42,26.5,42
2018/10/05 9:43,26.6,41
2018/10/05 9:44,26.6,41
2018/10/05 9:45,26.6,41
2018/10/05 9:46,26.6,43
2018/10/05 9:47,26.7,42
2018/10/05 9:48,26.7,42
2018/10/05 9:49,26.8,42
2018/10/05 9:50,26.8,41
2018/10/05 9:51,26.8,41
2018/10/05 9:52,26.9,41
2018/10/05 9:53,27.0,41
2018/10/05 9:54,27.0,42
2018/10/05 9:55,27.0,41
2018/10/05 9:56,27.0,40
2018/10/05 9:57,27.1,40
2018/10/05 9:58,27.2,40
2018/10/05 9:59,27.3,40
2018/10/05 10:00,27.3,40
2018/10/05 10:01,27.3,39
2018/10/05 10:02,27.2,39
2018/10/05 10:03,27.3,39
2018/10/05 10:04,27.3,40
2018/10/05 10:05,27.4,41
2018/10/05 10:06,27.4,41
2018/10/05 10:07,27.4,41
2018/10/05 10:08,27.3,40
2018/10/05 10:09,27.3,40
2018/10/05 10:10,27.3,39
2018/10/05 10:11,27.3,39
2018/10/05 10:12,27.3,39
2018/10/05 10:13,27.3,40
2018/10/05 10:14,27.3,40
2018/10/05 10:15,27.3,42
2018/10/05 10:16,27.3,41
2018/10/05 10:17,27.4,41
2018/10/05 10:18,27.6,40
2018/10/05 10:19,27.7,40
2018/10/05 10:20,27.7,40
2018/10/05 10:21,27.6,39
2018/10/05 10:22,27.6,39
2018/10/05 10:23,27.6,40
2018/10/05 10:24,27.6,40
2018/10/05 10:25,27.7,40
2018/10/05 10:26,27.6,40
2018/10/05 10:27,27.6,39
2018/10/05 10:28,27.7,40
2018/10/05 10:29,27.7,39
2018/10/05 10:30,27.7,39
2018/10/05 10:31,27.7,39
2018/10/05 10:32,27.8,41
2018/10/05 10:33,27.9,42
2018/10/05 10:34,28.0,42
2018/10/05 10:35,28.0,41
2018/10/05 10:36,28.1,42
2018/10/05 10:37,28.1,42
2018/10/05 10:38,28.2,41
2018/10/05 10:39,28.2,41
2018/10/05 10:40,28.2,42
2018/10/05 10:41,28.3,41
2018/10/05 10:42,28.3,41
2018/10/05 10:43,28.3,41
2018/10/05 10:44,28.3,42
2018/10/05 10:45,28.4,41
2018/10/05 10:46,28.4,40
2018/10/05 10:47,28.3,39
2018/10/05 10:48,28.3,39
2018/10/05 10:49,28.4,41
2018/10/05 10:50,28.4,41
2018/10/05 10:51,28.4,43
2018/10/05 10:52,28.5,43
2018/10/05 10:53,28.5,41
2018/10/05 10:54,28.5,41
2018/10/05 10:55,28.6,42
2018/10/05 10:56,28.6,40
2018/10/05 10:57,28.6,39
2018/10/05 10:58,28.6,39
2018/10/05 10:59,28.6,39
2018/10/05 11:00,28.7,39
2018/10/05 11:01,28.7,40
2018/10/05 11:02,28.7,39
2018/10/05 11:03,28.8,40
2018/10/05 11:04,28.8,40
2018/10/05 11:05,28.9,41
2018/10/05 11:06,28.9,40
2018/10/05 11:07,29.0,41
2018/10/05 11:08,29.0,41
2018/10/05 11:09,29.0,42
2018/10/05 11:10,29.2,41
2018/10/05 11:11,29.2,42
2018/10/05 11:12,29.2,40
2018/10/05 11:13,29.2,40
2018/10/05 11:14,29.2,41
2018/10/05 11:15,29.2,42
2018/10/05 11:16,29.2,40
2018/10/05 11:17,29.2,40
2018/10/05 11:18,29.2,40
2018/10/05 11:19,29.3,40
2018/10/05 11:20,29.3,40
2018/10/05 11:21,29.3,40
2018/10/05 11:22,29.4,39
2018/10/05 11:23,29.4,40
2018/10/05 11:24,29.4,40
2018/10/05 11:25,29.5,41
2018/10/05 11:26,29.6,41
2018/10/05 11:27,29.6,41
2018/10/05 11:28,29.6,40
2018/10/05 11:29,29.6,40
2018/10/05 11:30,29.6,40
2018/10/05 11:31,29.6,39
2018/10/05 11:32,29.7,39
2018/10/05 11:33,29.7,37
2018/10/05 11:34,29.7,37
2018/10/05 11:35,29.8,38
2018/10/05 11:36,29.9,40
2018/10/05 11:37,30.0,41
2018/10/05 11:38,30.1,41
2018/10/05 11:39,30.2,40
2018/10/05 11:40,30.2,39
2018/10/05 11:41,30.3,39
2018/10/05 11:42,30.4,41
2018/10/05 11:43,30.4,39
2018/10/05 11:44,30.5,39
2018/10/05 11:45,30.5,40
2018/10/05 11:46,30.6,40
2018/10/05 11:47,30.5,38
2018/10/05 11:48,30.5,37
2018/10/05 11:49,30.5,37
2018/10/05 11:50,30.5,37
2018/10/05 11:51,30.4,38
2018/10/05 11:52,30.4,39
2018/10/05 11:53,30.5,38
2018/10/05 11:54,30.4,38
2018/10/05 11:55,30.4,38
2018/10/05 11:56,30.4,37
2018/10/05 11:57,30.4,37
2018/10/05 11:58,30.4,37
2018/10/05 11:59,30.4,36
2018/10/05 12:00,30.3,36
2018/10/05 12:01,30.3,36
2018/10/05 12:02,30.3,36
2018/10/05 12:03,30.4,37
2018/10/05 12:04,30.5,38
2018/10/05 12:05,30.5,38
2018/10/05 12:06,30.5,38
2018/10/05 12:07,30.5,36
2018/10/05 12:08,30.5,36
2018/10/05 12:09,30.5,36
2018/10/05 12:10,30.6,37
2018/10/05 12:11,30.6,37
2018/10/05 12:12,30.5,36
2018/10/05 12:13,30.5,36
2018/10/05 12:14,30.5,36
2018/10/05 12:15,30.6,37
2018/10/05 12:16,30.6,36
2018/10/05 12:17,30.7,37
2018/10/05 12:18,30.8,38
2018/10/05 12:19,30.8,38
2018/10/05 12:20,30.9,40
2018/10/05 12:21,30.9,39
2018/10/05 12:22,31.0,39
2018/10/05 12:23,31.0,39
2018/10/05 12:24,31.0,38
2018/10/05 12:25,30.9,37
2018/10/05 12:26,30.9,36
2018/10/05 12:27,30.8,36
2018/10/05 12:28,30.8,37
2018/10/05 12:29,30.8,37
2018/10/05 12:30,30.8,37
2018/10/05 12:31,30.9,37
2018/10/05 12:32,30.9,37
2018/10/05 12:33,31.0,39
2018/10/05 12:34,31.1,40
2018/10/05 12:35,31.1,38
2018/10/05 12:36,31.1,38
2018/10/05 12:37,31.1,38
2018/10/05 12:38,31.1,38
2018/10/05 12:39,31.1,39
2018/10/05 12:40,31.1,38
2018/10/05 12:41,31.1,37
2018/10/05 12:42,31.2,37
2018/10/05 12:43,31.2,37
2018/10/05 12:44,31.1,37
2018/10/05 12:45,31.1,37
2018/10/05 12:46,31.2,38
2018/10/05 12:47,31.2,39
2018/10/05 12:48,31.2,38
2018/10/05 12:49,31.2,37
2018/10/05 12:50,31.3,38
2018/10/05 12:51,31.4,38
2018/10/05 12:52,31.4,38
2018/10/05 12:53,31.3,36
2018/10/05 12:54,31.2,35
2018/10/05 12:55,31.2,35
2018/10/05 12:56,31.2,36
2018/10/05 12:57,31.3,37
2018/10/05 12:58,31.3,38
2018/10/05 12:59,31.4,39
2018/10/05 13:00,31.4,38
2018/10/05 13:01,31.4,38
2018/10/05 13:02,31.4,38
2018/10/05 13:03,31.4,37
2018/10/05 13:04,31.4,36
2018/10/05 13:05,31.4,37
2018/10/05 13:06,31.4,38
2018/10/05 13:07,31.5,37
2018/10/05 13:08,31.4,36
2018/10/05 13:09,31.4,35
2018/10/05 13:10,31.4,34
2018/10/05 13:11,31.4,36
2018/10/05 13:12,31.5,35
2018/10/05 13:13,31.4,35
2018/10/05 13:14,31.4,36
2018/10/05 13:15,31.5,36
2018/10/05 13:16,31.5,37
2018/10/05 13:17,31.5,38
2018/10/05 13:18,31.6,38
2018/10/05 13:19,31.6,37
2018/10/05 13:20,31.5,36
2018/10/05 13:21,31.5,37
2018/10/05 13:22,31.5,36
2018/10/05 13:23,31.6,37
2018/10/05 13:24,31.7,37
2018/10/05 13:25,31.6,37
2018/10/05 13:26,31.6,37
2018/10/05 13:27,31.7,38
2018/10/05 13:28,31.7,38
2018/10/05 13:29,31.6,37
2018/10/05 13:30,31.6,36
2018/10/05 13:31,31.6,36
2018/10/05 13:32,31.5,35
2018/10/05 13:33,31.5,34
2018/10/05 13:34,31.4,34
2018/10/05 13:35,31.4,34
2018/10/05 13:36,31.4,35
2018/10/05 13:37,31.4,37
2018/10/05 13:38,31.4,36
2018/10/05 13:39,31.3,36
2018/10/05 13:40,31.3,36
2018/10/05 13:41,31.4,37
2018/10/05 13:42,31.4,36
2018/10/05 13:43,31.4,35
2018/10/05 13:44,31.4,35
2018/10/05 13:45,31.4,35
2018/10/05 13:46,31.4,35
2018/10/05 13:47,31.4,36
2018/10/05 13:48,31.5,36
2018/10/05 13:49,31.6,36
2018/10/05 13:50,31.6,36
2018/10/05 13:51,31.7,36
2018/10/05 13:52,31.6,35
2018/10/05 13:53,31.6,35
2018/10/05 13:54,31.6,35
2018/10/05 13:55,31.6,36
2018/10/05 13:56,31.7,37
2018/10/05 13:57,31.6,37
2018/10/05 13:58,31.6,37
2018/10/05 13:59,31.6,36
2018/10/05 14:00,31.6,36
2018/10/05 14:01,31.5,36
2018/10/05 14:02,31.5,35
2018/10/05 14:03,31.5,36
2018/10/05 14:04,31.5,36
2018/10/05 14:05,31.5,37
2018/10/05 14:06,31.6,36
2018/10/05 14:07,31.6,36
2018/10/05 14:08,31.7,37
2018/10/05 14:09,31.6,36
2018/10/05 14:10,31.7,36
2018/10/05 14:11,31.7,37
2018/10/05 14:12,31.7,37
2018/10/05 14:13,31.8,38
2018/10/05 14:14,31.9,37
2018/10/05 14:15,31.8,37
2018/10/05 14:16,31.7,35
2018/10/05 14:17,31.7,34
2018/10/05 14:18,31.7,36
2018/10/05 14:19,31.8,37
2018/10/05 14:20,31.8,37
2018/10/05 14:21,31.7,37
2018/10/05 14:22,31.8,38
2018/10/05 14:23,31.8,37
2018/10/05 14:24,31.8,36
2018/10/05 14:25,31.8,35
2018/10/05 14:26,31.8,37
2018/10/05 14:27,31.8,36
2018/10/05 14:28,31.8,37
2018/10/05 14:29,31.7,37
2018/10/05 14:30,31.7,37
2018/10/05 14:31,31.7,36
2018/10/05 14:32,31.8,37
2018/10/05 14:33,31.8,37
2018/10/05 14:34,31.8,36
2018/10/05 14:35,31.7,35
2018/10/05 14:36,31.7,35
2018/10/05 14:37,31.6,36
2018/10/05 14:38,31.6,35
2018/10/05 14:39,31.6,36
2018/10/05 14:40,31.7,37
2018/10/05 14:41,31.7,38
2018/10/05 14:42,31.7,38
2018/10/05 14:43,31.7,39
2018/10/05 14:44,31.7,38
2018/10/05 14:45,31.7,37
2018/10/05 14:46,31.7,37
2018/10/05 14:47,31.7,38
2018/10/05 14:48,31.7,38
2018/10/05 14:49,31.8,38
2018/10/05 14:50,31.8,39
2018/10/05 14:51,31.7,39
2018/10/05 14:52,31.7,38
2018/10/05 14:53,31.7,37
2018/10/05 14:54,31.7,37
2018/10/05 14:55,31.7,37
2018/10/05 14:56,31.7,37
2018/10/05 14:57,31.6,38
2018/10/05 14:58,31.7,38
2018/10/05 14:59,31.7,38
2018/10/05 15:00,31.6,37
2018/10/05 15:01,31.6,36
2018/10/05 15:02,31.6,37
2018/10/05 15:03,31.7,38
2018/10/05 15:04,31.7,38
2018/10/05 15:05,31.6,38
2018/10/05 15:06,31.6,38
2018/10/05 15:07,31.6,38
2018/10/05 15:08,31.6,38
2018/10/05 15:09,31.5,37
2018/10/05 15:10,31.5,37
2018/10/05 15:11,31.4,37
2018/10/05 15:12,31.4,36
2018/10/05 15:13,31.4,36
2018/10/05 15:14,31.4,36
2018/10/05 15:15,31.3,37
2018/10/05 15:16,31.3,37
2018/10/05 15:17,31.3,37
2018/10/05 15:18,31.3,38
2018/10/05 15:19,31.4,38
2018/10/05 15:20,31.3,38
2018/10/05 15:21,31.3,37
2018/10/05 15:22,31.4,37
2018/10/05 15:23,31.3,36
2018/10/05 15:24,31.3,37
2018/10/05 15:25,31.3,38
2018/10/05 15:26,31.3,38
2018/10/05 15:27,31.3,38
2018/10/05 15:28,31.3,37
2018/10/05 15:29,31.2,37
2018/10/05 15:30,31.2,38
2018/10/05 15:31,31.3,39
2018/10/05 15:32,31.2,39
2018/10/05 15:33,31.2,38
2018/10/05 15:34,31.2,37
2018/10/05 15:35,31.1,37
2018/10/05 15:36,31.1,38
2018/10/05 15:37,31.1,39
2018/10/05 15:38,31.1,38
2018/10/05 15:39,31.1,38
2018/10/05 15:40,31.1,39
2018/10/05 15:41,31.1,39
2018/10/05 15:42,31.1,39
2018/10/05 15:43,31.1,40
2018/10/05 15:44,31.1,39
2018/10/05 15:45,31.0,39
2018/10/05 15:46,31.0,39
2018/10/05 15:47,30.9,39
2018/10/05 15:48,30.9,40
2018/10/05 15:49,30.9,41
2018/10/05 15:50,30.8,40
2018/10/05 15:51,30.8,39
2018/10/05 15:52,30.7,39
2018/10/05 15:53,30.7,38
2018/10/05 15:54,30.6,38
2018/10/05 15:55,30.6,39
2018/10/05 15:56,30.5,40
2018/10/05 15:57,30.5,41
2018/10/05 15:58,30.4,41
2018/10/05 15:59,30.3,40
2018/10/05 16:00,30.3,39
2018/10/05 16:01,30.2,38
2018/10/05 16:02,30.2,37
2018/10/05 16:03,30.2,38
2018/10/05 16:04,30.1,39
2018/10/05 16:05,30.1,40
2018/10/05 16:06,30.1,40
2018/10/05 16:07,30.0,41
2018/10/05 16:08,30.0,40
2018/10/05 16:09,30.0,41
2018/10/05 16:10,30.0,42
2018/10/05 16:11,29.9,43
2018/10/05 16:12,29.9,42
2018/10/05 16:13,29.8,41
2018/10/05 16:14,29.7,41
2018/10/05 16:15,29.7,41
2018/10/05 16:16,29.6,41
2018/10/05 16:17,29.5,40
2018/10/05 16:18,29.5,40
2018/10/05 16:19,29.4,42
2018/10/05 16:20,29.4,42
2018/10/05 16:21,29.4,43
2018/10/05 16:22,29.4,43
2018/10/05 16:23,29.3,43
2018/10/05 16:24,29.3,43
2018/10/05 16:25,29.3,44
2018/10/05 16:26,29.3,44
2018/10/05 16:27,29.3,43
2018/10/05 16:28,29.2,43
2018/10/05 16:29,29.2,43
2018/10/05 16:30,29.1,43
2018/10/05 16:31,29.1,43
2018/10/05 16:32,29.1,44
2018/10/05 16:33,29.0,44
2018/10/05 16:34,29.0,43
2018/10/05 16:35,28.9,44
2018/10/05 16:36,28.9,43
2018/10/05 16:37,28.8,43
2018/10/05 16:38,28.7,43
2018/10/05 16:39,28.7,43
2018/10/05 16:40,28.6,43
2018/10/05 16:41,28.6,44
2018/10/05 16:42,28.6,44
2018/10/05 16:43,28.5,45
2018/10/05 16:44,28.5,44
2018/10/05 16:45,28.5,44
2018/10/05 16:46,28.4,44
2018/10/05 16:47,28.4,44
2018/10/05 16:48,28.4,44
2018/10/05 16:49,28.4,44
2018/10/05 16:50,28.3,44
2018/10/05 16:51,28.3,44
2018/10/05 16:52,28.3,44
2018/10/05 16:53,28.2,45
2018/10/05 16:54,28.2,46
2018/10/05 16:55,28.2,46
2018/10/05 16:56,28.1,47
2018/10/05 16:57,28.1,48
2018/10/05 16:58,28.0,48
2018/10/05 16:59,28.0,49
2018/10/05 17:00,28.0,49
2018/10/05 17:01,27.9,50
2018/10/05 17:02,27.8,50
2018/10/05 17:03,27.8,48
2018/10/05 17:04,27.8,48
2018/10/05 17:05,27.7,48
2018/10/05 17:06,27.7,48
2018/10/05 17:07,27.6,49
2018/10/05 17:08,27.6,49
2018/10/05 17:09,27.6,49
2018/10/05 17:10,27.6,50
2018/10/05 17:11,27.5,50
2018/10/05 17:12,27.5,50
2018/10/05 17:13,27.4,51
2018/10/05 17:14,27.4,50
2018/10/05 17:15,27.3,51
2018/10/05 17:16,27.3,51
2018/10/05 17:17,27.3,51
2018/10/05 17:18,27.3,51
2018/10/05 17:19,27.2,52
2018/10/05 17:20,27.2,51
2018/10/05 17:21,27.2,51
2018/10/05 17:22,27.2,51
2018/10/05 17:23,27.2,51
2018/10/05 17:24,27.2,52
2018/10/05 17:25,27.1,53
2018/10/05 17:26,27.1,52
2018/10/05 17:27,27.0,52
2018/10/05 17:28,27.0,52
2018/10/05 17:29,27.0,52
2018/10/05 17:30,26.9,54
2018/10/05 17:31,26.9,54
2018/10/05 17:32,26.8,55
2018/10/05 17:33,26.8,55
2018/10/05 17:34,26.8,54
2018/10/05 17:35,26.8,53
2018/10/05 17:36,26.7,53
2018/10/05 17:37,26.6,52
2018/10/05 17:38,26.5,52
2018/10/05 17:39,26.5,52
2018/10/05 17:40,26.4,52
2018/10/05 17:41,26.4,52
2018/10/05 17:42,26.3,52
2018/10/05 17:43,26.2,53
2018/10/05 17:44,26.2,52
2018/10/05 17:45,26.1,51
2018/10/05 17:46,26.0,53
2018/10/05 17:47,26.0,53
2018/10/05 17:48,25.9,53
2018/10/05 17:49,25.8,54
2018/10/05 17:50,25.8,54
2018/10/05 17:51,25.7,54
2018/10/05 17:52,25.7,55
2018/10/05 17:53,25.7,55
2018/10/05 17:54,25.7,55
2018/10/05 17:55,25.7,55
2018/10/05 17:56,25.6,56
2018/10/05 17:57,25.6,56
2018/10/05 17:58,25.6,55
2018/10/05 17:59,25.5,55
2018/10/05 18:00,25.5,55
2018/10/05 18:01,25.5,56
2018/10/05 18:02,25.4,57
2018/10/05 18:03,25.4,57
2018/10/05 18:04,25.3,58
2018/10/05 18:05,25.3,57
2018/10/05 18:06,25.2,58
2018/10/05 18:07,25.2,58
2018/10/05 18:08,25.2,57
2018/10/05 18:09,25.1,58
2018/10/05 18:10,25.1,58
2018/10/05 18:11,25.0,58
2018/10/05 18:12,25.0,57
2018/10/05 18:13,25.0,57
2018/10/05 18:14,24.9,57
2018/10/05 18:15,24.9,56
2018/10/05 18:16,24.8,57
2018/10/05 18:17,24.7,57
2018/10/05 18:18,24.7,57
2018/10/05 18:19,24.7,57
2018/10/05 18:20,24.6,58
2018/10/05 18:21,24.6,58
2018/10/05 18:22,24.6,57
2018/10/05 18:23,24.6,57
2018/10/05 18:24,24.6,57
2018/10/05 18:25,24.6,57
2018/10/05 18:26,24.6,57
2018/10/05 18:27,24.5,56
2018/10/05 18:28,24.5,57
2018/10/05 18:29,24.5,58
2018/10/05 18:30,24.5,57
2018/10/05 18:31,24.5,58
2018/10/05 18:32,24.5,58
2018/10/05 18:33,24.5,56
2018/10/05 18:34,24.4,56
2018/10/05 18:35,24.5,55
2018/10/05 18:36,24.5,55
2018/10/05 18:37,24.5,55
2018/10/05 18:38,24.5,55
2018/10/05 18:39,24.4,56
2018/10/05 18:40,24.4,56
2018/10/05 18:41,24.4,56
2018/10/05 18:42,24.4,56
2018/10/05 18:43,24.4,56
2018/10/05 18:44,24.4,56
2018/10/05 18:45,24.4,56
2018/10/05 18:46,24.4,56
2018/10/05 18:47,24.4,56
2018/10/05 18:48,24.5,55
2018/10/05 18:49,24.5,55
2018/10/05 18:50,24.5,55
2018/10/05 18:51,24.5,54
2018/10/05 18:52,24.5,54
2018/10/05 18:53,24.5,54
2018/10/05 18:54,24.5,54
2018/10/05 18:55,24.5,54
2018/10/05 18:56,24.5,53
2018/10/05 18:57,24.5,52
2018/10/05 18:58,24.6,52
2018/10/05 18:59,24.6,52
2018/10/05 19:00,24.5,54
2018/10/05 19:01,24.5,54
2018/10/05 19:02,24.6,53
2018/10/05 19:03,24.6,53
2018/10/05 19:04,24.6,53
2018/10/05 19:05,24.6,53
2018/10/05 19:06,24.6,53
2018/10/05 19:07,24.6,53
2018/10/05 19:08,24.6,53
2018/10/05 19:09,24.6,53
2018/10/05 19:10,24.6,53
2018/10/05 19:11,24.6,53
2018/10/05 19:12,24.6,53
2018/10/05 19:13,24.6,54
2018/10/05 19:14,24.6,54
2018/10/05 19:15,24.6,54
2018/10/05 19:16,24.6,54
2018/10/05 19:17,24.6,54
2018/10/05 19:18,24.6,54
2018/10/05 19:19,24.6,54
2018/10/05 19:20,24.6,54
2018/10/05 19:21,24.6,54
2018/10/05 19:22,24.5,56
2018/10/05 19:23,24.5,55
2018/10/05 19:24,24.5,55
2018/10/05 19:25,24.5,55
2018/10/05 19:26,24.5,55
2018/10/05 19:27,24.5,55
2018/10/05 19:28,24.5,56
2018/10/05 19:29,24.4,56
2018/10/05 19:30,24.4,56
2018/10/05 19:31,24.4,57
2018/10/05 19:32,24.4,57
2018/10/05 19:33,24.4,57
2018/10/05 19:34,24.4,57
2018/10/05 19:35,24.3,57
2018/10/05 19:36,24.3,57
2018/10/05 19:37,24.3,57
2018/10/05 19:38,24.3,58
2018/10/05 19:39,24.3,58
2018/10/05 19:40,24.3,57
2018/10/05 19:41,24.3,58
2018/10/05 19:42,24.3,58
2018/10/05 19:43,24.3,58
2018/10/05 19:44,24.3,58
2018/10/05 19:45,24.3,58
2018/10/05 19:46,24.3,58
2018/10/05 19:47,24.3,58
2018/10/05 19:48,24.3,58
2018/10/05 19:49,24.3,58
2018/10/05 19:50,24.2,59
2018/10/05 19:51,24.2,59
2018/10/05 19:52,24.2,59
2018/10/05 19:53,24.2,60
2018/10/05 19:54,24.2,59
2018/10/05 19:55,24.2,59
2018/10/05 19:56,24.2,59
2018/10/05 19:57,24.2,59
2018/10/05 19:58,24.2,60
2018/10/05 19:59,24.2,60
2018/10/05 20:00,24.1,61
2018/10/05 20:01,24.1,61
2018/10/05 20:02,24.1,61
2018/10/05 20:03,24.1,61
2018/10/05 20:04,24.1,61
2018/10/05 20:05,24.0,62
2018/10/05 20:06,24.0,62
2018/10/05 20:07,24.0,62
2018/10/05 20:08,24.0,62
2018/10/05 20:09,24.0,62
2018/10/05 20:10,24.0,62
2018/10/05 20:11,23.9,62
2018/10/05 20:12,23.9,62
2018/10/05 20:13,23.9,63
2018/10/05 20:14,23.9,62
2018/10/05 20:15,23.9,62
2018/10/05 20:16,23.9,62
2018/10/05 20:17,23.9,62
2018/10/05 20:18,23.9,62
2018/10/05 20:19,23.8,63
2018/10/05 20:20,23.8,64
2018/10/05 20:21,23.8,64
2018/10/05 20:22,23.8,64
2018/10/05 20:23,23.8,63
2018/10/05 20:24,23.8,63
2018/10/05 20:25,23.8,63
2018/10/05 20:26,23.8,63
2018/10/05 20:27,23.8,62
2018/10/05 20:28,23.9,62
2018/10/05 20:29,23.9,62
2018/10/05 20:30,24.0,61
2018/10/05 20:31,24.0,62
2018/10/05 20:32,24.0,62
2018/10/05 20:33,23.9,62
2018/10/05 20:34,23.9,63
2018/10/05 20:35,23.8,64
2018/10/05 20:36,23.8,63
2018/10/05 20:37,23.8,63
2018/10/05 20:38,23.8,63
2018/10/05 20:39,23.8,63
2018/10/05 20:40,23.7,64
2018/10/05 20:41,23.7,64
2018/10/05 20:42,23.7,64
2018/10/05 20:43,23.7,64
2018/10/05 20:44,23.7,64
2018/10/05 20:45,23.7,64
2018/10/05 20:46,23.6,65
2018/10/05 20:47,23.6,65
2018/10/05 20:48,23.6,65
2018/10/05 20:49,23.7,64
2018/10/05 20:50,23.7,64
2018/10/05 20:51,23.7,64
2018/10/05 20:52,23.7,63
2018/10/05 20:53,23.8,62
2018/10/05 20:54,23.8,62
2018/10/05 20:55,23.8,62
2018/10/05 20:56,23.9,61
2018/10/05 20:57,23.9,61
2018/10/05 20:58,24.0,60
2018/10/05 20:59,24.0,61
2018/10/05 21:00,24.0,62
2018/10/05 21:01,24.0,62
2018/10/05 21:02,24.1,62
2018/10/05 21:03,24.1,63
2018/10/05 21:04,24.1,63
2018/10/05 21:05,24.1,63
2018/10/05 21:06,24.1,63
2018/10/05 21:07,24.1,64
2018/10/05 21:08,24.1,63
2018/10/05 21:09,24.1,63
2018/10/05 21:10,24.2,61
2018/10/05 21:11,24.2,61
2018/10/05 21:12,24.2,60
2018/10/05 21:13,24.2,60
2018/10/05 21:14,24.2,60
2018/10/05 21:15,24.2,60
2018/10/05 21:16,24.2,59
2018/10/05 21:17,24.2,59
2018/10/05 21:18,24.3,58
2018/10/05 21:19,24.2,59
2018/10/05 21:20,24.3,58
2018/10/05 21:21,24.3,58
2018/10/05 21:22,24.3,58
2018/10/05 21:23,24.3,58
2018/10/05 21:24,24.3,59
2018/10/05 21:25,24.3,60
2018/10/05 21:26,24.3,60
2018/10/05 21:27,24.3,61
2018/10/05 21:28,24.3,61
2018/10/05 21:29,24.3,61
2018/10/05 21:30,24.3,61
2018/10/05 21:31,24.3,61
2018/10/05 21:32,24.3,61
2018/10/05 21:33,24.3,60
2018/10/05 21:34,24.3,59
2018/10/05 21:35,24.3,59
2018/10/05 21:36,24.2,60
2018/10/05 21:37,24.3,58
2018/10/05 21:38,24.3,57
2018/10/05 21:39,24.3,57
2018/10/05 21:40,24.3,56
2018/10/05 21:41,24.3,56
2018/10/05 21:42,24.3,58
2018/10/05 21:43,24.3,58
2018/10/05 21:44,24.3,58
2018/10/05 21:45,24.3,58
2018/10/05 21:46,24.3,58
2018/10/05 21:47,24.3,58
2018/10/05 21:48,24.2,59
2018/10/05 21:49,24.2,59
2018/10/05 21:50,24.2,58
2018/10/05 21:51,24.2,58
2018/10/05 21:52,24.2,58
2018/10/05 21:53,24.2,58
2018/10/05 21:54,24.2,59
2018/10/05 21:55,24.2,59
2018/10/05 21:56,24.2,58
2018/10/05 21:57,24.2,58
2018/10/05 21:58,24.2,58
2018/10/05 21:59,24.2,58
2018/10/05 22:00,24.2,57
2018/10/05 22:01,24.2,57
2018/10/05 22:02,24.2,57
2018/10/05 22:03,24.1,58
2018/10/05 22:04,24.1,58
2018/10/05 22:05,24.1,57
2018/10/05 22:06,24.1,57
2018/10/05 22:07,24.1,57
2018/10/05 22:08,24.1,57
2018/10/05 22:09,24.1,57
2018/10/05 22:10,24.1,58
2018/10/05 22:11,24.1,58
2018/10/05 22:12,24.0,59
2018/10/05 22:13,24.0,58
2018/10/05 22:14,24.0,58
2018/10/05 22:15,24.0,58
2018/10/05 22:16,24.0,58
2018/10/05 22:17,24.0,58
2018/10/05 22:18,24.0,59
2018/10/05 22:19,24.0,59
2018/10/05 22:20,24.0,58
2018/10/05 22:21,24.0,58
2018/10/05 22:22,24.0,57
2018/10/05 22:23,24.0,58
2018/10/05 22:24,24.0,58
2018/10/05 22:25,24.0,58
2018/10/05 22:26,24.0,59
2018/10/05 22:27,23.9,60
2018/10/05 22:28,23.9,60
2018/10/05 22:29,23.9,61
2018/10/05 22:30,23.9,61
2018/10/05 22:31,23.8,62
2018/10/05 22:32,23.8,62
2018/10/05 22:33,23.8,61
2018/10/05 22:34,23.8,60
2018/10/05 22:35,23.8,59
2018/10/05 22:36,23.8,59
2018/10/05 22:37,23.8,59
2018/10/05 22:38,23.8,59
2018/10/05 22:39,23.7,59
2018/10/05 22:40,23.7,58
2018/10/05 22:41,23.8,57
2018/10/05 22:42,23.8,57
2018/10/05 22:43,23.8,57
2018/10/05 22:44,23.8,58
2018/10/05 22:45,23.8,58
2018/10/05 22:46,23.8,58
2018/10/05 22:47,23.8,58
2018/10/05 22:48,23.8,58
2018/10/05 22:49,23.8,59
2018/10/05 22:50,23.8,59
2018/10/05 22:51,23.7,61
2018/10/05 22:52,23.7,61
2018/10/05 22:53,23.7,61
2018/10/05 22:54,23.7,61
2018/10/05 22:55,23.6,61
2018/10/05 22:56,23.6,61
2018/10/05 22:57,23.6,61
2018/10/05 22:58,23.6,61
2018/10/05 22:59,23.5,60
2018/10/05 23:00,23.5,60
2018/10/05 23:01,23.5,60
2018/10/05 23:02,23.4,60
2018/10/05 23:03,23.4,60
2018/10/05 23:04,23.4,60
2018/10/05 23:05,23.4,59
2018/10/05 23:06,23.4,59
2018/10/05 23:07,23.3,60
2018/10/05 23:08,23.3,60
2018/10/05 23:09,23.3,60
2018/10/05 23:10,23.3,59
2018/10/05 23:11,23.2,59
2018/10/05 23:12,23.2,59
2018/10/05 23:13,23.2,59
2018/10/05 23:14,23.3,58
2018/10/05 23:15,23.3,58
2018/10/05 23:16,23.3,58
2018/10/05 23:17,23.4,57
2018/10/05 23:18,23.4,57
2018/10/05 23:19,23.4,57
2018/10/05 23:20,23.4,57
2018/10/05 23:21,23.4,58
2018/10/05 23:22,23.4,58
2018/10/05 23:23,23.5,58
2018/10/05 23:24,23.5,58
2018/10/05 23:25,23.5,58
2018/10/05 23:26,23.5,59
2018/10/05 23:27,23.5,59
2018/10/05 23:28,23.5,60
2018/10/05 23:29,23.5,60
2018/10/05 23:30,23.5,60
2018/10/05 23:31,23.5,60
2018/10/05 23:32,23.5,61
2018/10/05 23:33,23.5,61
2018/10/05 23:34,23.5,62
2018/10/05 23:35,23.5,62
2018/10/05 23:36,23.6,61
2018/10/05 23:37,23.5,62
2018/10/05 23:38,23.6,62
2018/10/05 23:39,23.5,63
2018/10/05 23:40,23.5,63
2018/10/05 23:41,23.5,64
2018/10/05 23:42,23.5,64
2018/10/05 23:43,23.4,65
2018/10/05 23:44,23.4,65
2018/10/05 23:45,23.4,65
2018/10/05 23:46,23.3,66
2018/10/05 23:47,23.3,66
2018/10/05 23:48,23.3,66
2018/10/05 23:49,23.3,65
2018/10/05 23:50,23.3,65
2018/10/05 23:51,23.2,65
2018/10/05 23:52,23.2,65
2018/10/05 23:53,23.2,65
2018/10/05 23:54,23.2,65
2018/10/05 23:55,23.1,65
2018/10/05 23:56,23.1,65
2018/10/05 23:57,23.1,65
2018/10/05 23:58,23.0,66
2018/10/05 23:59,23.0,65
2018/10/06 0:00,23.0,65
